0 0.272422
1 0.244274
2 0.237197
3 0.229218
4 0.21735
5 0.201207
6 0.180057
7 0.153405
8 0.121636
9 0.0868883
10 0.0537882
11 0.0287204
12 0.0161259
13 0.0138483
14 0.0146173
15 0.0138234
16 0.0117505
17 0.0096672
18 0.00801336
19 0.00674691
20 0.00576318
21 0.00498441
22 0.00435712
23 0.00384411
24 0.0034189
25 0.00306232
26 0.00276014
27 0.00250168
28 0.00227878
29 0.00208511
30 0.0019157
31 0.00176659
32 0.00163463
33 0.00151724
34 0.00141233
35 0.00131816
36 0.0012333
37 0.00115653
38 0.00108686
39 0.00102342
40 0.000965477
41 0.00091241
42 0.000863678
43 0.000818818
44 0.000777423
45 0.000739143
46 0.000703668
47 0.000670729
48 0.000640086
49 0.000611529
50 0.00058487
51 0.000559943
52 0.000536601
53 0.000514709
54 0.000494149
55 0.000474814
56 0.000456608
57 0.000439443
58 0.000423242
59 0.000407932
60 0.000393448
61 0.000379733
62 0.000366731
63 0.000354394
64 0.000342677
65 0.000331539
66 0.000320941
67 0.00031085
68 0.000301232
69 0.00029206
70 0.000283304
71 0.000274941
72 0.000266947
73 0.000259301
74 0.000251982
75 0.000244972
76 0.000238253
77 0.00023181
78 0.000225627
79 0.000219691
80 0.000213989
81 0.000208508
82 0.000203237
83 0.000198165
84 0.000193283
85 0.000188581
86 0.000184049
87 0.000179681
88 0.000175468
89 0.000171402
90 0.000167478
91 0.000163688
92 0.000160026
93 0.000156487
94 0.000153066
95 0.000149756
96 0.000146553
97 0.000143453
98 0.000140451
99 0.000137543
100 0.000134725
101 0.000131993
102 0.000129345
103 0.000126776
104 0.000124283
105 0.000121864
106 0.000119515
107 0.000117234
108 0.000115019
109 0.000112866
110 0.000110773
111 0.000108738
112 0.00010676
113 0.000104835
114 0.000102962
115 0.00010114
116 9.93655e-05
117 9.76378e-05
118 9.59551e-05
119 9.43159e-05
120 9.27186e-05
121 9.11618e-05
122 8.96442e-05
123 8.81644e-05
124 8.67213e-05
125 8.53135e-05
126 8.39399e-05
127 8.25995e-05
128 8.12911e-05
129 8.00138e-05
130 7.87666e-05
131 7.75485e-05
132 7.63586e-05
133 7.5196e-05
134 7.406e-05
135 7.29497e-05
136 7.18644e-05
137 7.08032e-05
138 6.97655e-05
139 6.87506e-05
140 6.77578e-05
141 6.67865e-05
142 6.58361e-05
143 6.4906e-05
144 6.39955e-05
145 6.31042e-05
146 6.22314e-05
147 6.13768e-05
148 6.05397e-05
149 5.97198e-05
150 5.89165e-05
151 5.81294e-05
152 5.73581e-05
153 5.6602e-05
154 5.5861e-05
155 5.51344e-05
156 5.44221e-05
157 5.37235e-05
158 5.30384e-05
159 5.23663e-05
160 5.17071e-05
161 5.10602e-05
162 5.04255e-05
163 4.98026e-05
164 4.91913e-05
165 4.85912e-05
166 4.80021e-05
167 4.74237e-05
168 4.68557e-05
169 4.62979e-05
170 4.57501e-05
171 4.5212e-05
172 4.46834e-05
173 4.4164e-05
174 4.36537e-05
175 4.31523e-05
176 4.26594e-05
177 4.2175e-05
178 4.16989e-05
179 4.12308e-05
180 4.07706e-05
181 4.03181e-05
182 3.98731e-05
183 3.94355e-05
184 3.90051e-05
185 3.85817e-05
186 3.81652e-05
187 3.77555e-05
188 3.73523e-05
189 3.69556e-05
190 3.65652e-05
191 3.6181e-05
192 3.58029e-05
193 3.54307e-05
194 3.50643e-05
195 3.47035e-05
196 3.43483e-05
197 3.39986e-05
198 3.36542e-05
199 3.33151e-05
200 3.29811e-05
201 3.26521e-05
202 3.2328e-05
203 3.20087e-05
204 3.16942e-05
205 3.13843e-05
206 3.10789e-05
207 3.0778e-05
208 3.04815e-05
209 3.01892e-05
210 2.99012e-05
211 2.96172e-05
212 2.93374e-05
213 2.90614e-05
214 2.87894e-05
215 2.85212e-05
216 2.82567e-05
217 2.7996e-05
218 2.77388e-05
219 2.74851e-05
220 2.7235e-05
221 2.69882e-05
222 2.67448e-05
223 2.65047e-05
224 2.62679e-05
225 2.60342e-05
226 2.58036e-05
227 2.55761e-05
228 2.53516e-05
229 2.513e-05
230 2.49114e-05
231 2.46956e-05
232 2.44826e-05
233 2.42724e-05
234 2.40648e-05
235 2.386e-05
236 2.36577e-05
237 2.3458e-05
238 2.32609e-05
239 2.30662e-05
240 2.2874e-05
241 2.26842e-05
242 2.24967e-05
243 2.23116e-05
244 2.21287e-05
245 2.19481e-05
246 2.17697e-05
247 2.15935e-05
248 2.14194e-05
249 2.12474e-05
250 2.10775e-05
251 2.09097e-05
252 2.07438e-05
253 2.05799e-05
254 2.0418e-05
255 2.02579e-05
256 2.00998e-05
257 1.99435e-05
258 1.9789e-05
259 1.96363e-05
260 1.94854e-05
261 1.93362e-05
262 1.91887e-05
263 1.9043e-05
264 1.88988e-05
265 1.87564e-05
266 1.86155e-05
267 1.84762e-05
268 1.83385e-05
269 1.82023e-05
270 1.80676e-05
271 1.79345e-05
272 1.78028e-05
273 1.76725e-05
274 1.75437e-05
275 1.74163e-05
276 1.72903e-05
277 1.71656e-05
278 1.70423e-05
279 1.69203e-05
280 1.67996e-05
281 1.66803e-05
282 1.65622e-05
283 1.64453e-05
284 1.63297e-05
285 1.62153e-05
286 1.61021e-05
287 1.59901e-05
288 1.58793e-05
289 1.57696e-05
290 1.5661e-05
291 1.55536e-05
292 1.54473e-05
293 1.5342e-05
294 1.52379e-05
295 1.51348e-05
296 1.50327e-05
297 1.49317e-05
298 1.48317e-05
299 1.47327e-05
300 1.46347e-05
301 1.45376e-05
302 1.44416e-05
303 1.43465e-05
304 1.42523e-05
305 1.4159e-05
306 1.40667e-05
307 1.39753e-05
308 1.38848e-05
309 1.37951e-05
310 1.37063e-05
311 1.36184e-05
312 1.35313e-05
313 1.3445e-05
314 1.33596e-05
315 1.3275e-05
316 1.31912e-05
317 1.31082e-05
318 1.3026e-05
319 1.29445e-05
320 1.28638e-05
321 1.27839e-05
322 1.27047e-05
323 1.26262e-05
324 1.25485e-05
325 1.24715e-05
326 1.23952e-05
327 1.23196e-05
328 1.22447e-05
329 1.21704e-05
330 1.20969e-05
331 1.2024e-05
332 1.19518e-05
333 1.18802e-05
334 1.18093e-05
335 1.1739e-05
336 1.16693e-05
337 1.16002e-05
338 1.15318e-05
339 1.1464e-05
340 1.13967e-05
341 1.13301e-05
342 1.1264e-05
343 1.11986e-05
344 1.11337e-05
345 1.10693e-05
346 1.10055e-05
347 1.09423e-05
348 1.08796e-05
349 1.08175e-05
350 1.07558e-05
351 1.06947e-05
352 1.06342e-05
353 1.05741e-05
354 1.05146e-05
355 1.04555e-05
356 1.0397e-05
357 1.03389e-05
358 1.02813e-05
359 1.02243e-05
360 1.01676e-05
361 1.01115e-05
362 1.00558e-05
363 1.00006e-05
364 9.94585e-06
365 9.89153e-06
366 9.83766e-06
367 9.78424e-06
368 9.73124e-06
369 9.67868e-06
370 9.62654e-06
371 9.57483e-06
372 9.52353e-06
373 9.47264e-06
374 9.42217e-06
375 9.37209e-06
376 9.32242e-06
377 9.27314e-06
378 9.22425e-06
379 9.17574e-06
380 9.12762e-06
381 9.07988e-06
382 9.03251e-06
383 8.98552e-06
384 8.93889e-06
385 8.89262e-06
386 8.84671e-06
387 8.80116e-06
388 8.75596e-06
389 8.71111e-06
390 8.6666e-06
391 8.62243e-06
392 8.57861e-06
393 8.53511e-06
394 8.49195e-06
395 8.44911e-06
396 8.4066e-06
397 8.36441e-06
398 8.32254e-06
399 8.28098e-06
400 8.23973e-06
401 8.19879e-06
402 8.15816e-06
403 8.11782e-06
404 8.07779e-06
405 8.03806e-06
406 7.99861e-06
407 7.95946e-06
408 7.92059e-06
409 7.88201e-06
410 7.84371e-06
411 7.80569e-06
412 7.76795e-06
413 7.73048e-06
414 7.69328e-06
415 7.65635e-06
416 7.61969e-06
417 7.58329e-06
418 7.54715e-06
419 7.51127e-06
420 7.47564e-06
421 7.44027e-06
422 7.40515e-06
423 7.37028e-06
424 7.33565e-06
425 7.30127e-06
426 7.26713e-06
427 7.23323e-06
428 7.19957e-06
429 7.16614e-06
430 7.13294e-06
431 7.09998e-06
432 7.06724e-06
433 7.03473e-06
434 7.00245e-06
435 6.97038e-06
436 6.93854e-06
437 6.90692e-06
438 6.87551e-06
439 6.84431e-06
440 6.81333e-06
441 6.78256e-06
442 6.752e-06
443 6.72164e-06
444 6.69149e-06
445 6.66154e-06
446 6.63179e-06
447 6.60225e-06
448 6.57289e-06
449 6.54374e-06
450 6.51478e-06
451 6.48601e-06
452 6.45743e-06
453 6.42904e-06
454 6.40084e-06
455 6.37283e-06
456 6.34499e-06
457 6.31734e-06
458 6.28987e-06
459 6.26258e-06
460 6.23547e-06
461 6.20854e-06
462 6.18177e-06
463 6.15518e-06
464 6.12877e-06
465 6.10252e-06
466 6.07644e-06
467 6.05053e-06
468 6.02479e-06
469 5.9992e-06
470 5.97379e-06
471 5.94853e-06
472 5.92343e-06
473 5.8985e-06
474 5.87372e-06
475 5.84909e-06
476 5.82462e-06
477 5.80031e-06
478 5.77615e-06
479 5.75213e-06
480 5.72827e-06
481 5.70456e-06
482 5.68099e-06
483 5.65757e-06
484 5.6343e-06
485 5.61116e-06
486 5.58817e-06
487 5.56533e-06
488 5.54262e-06
489 5.52005e-06
490 5.49762e-06
491 5.47532e-06
492 5.45316e-06
493 5.43114e-06
494 5.40925e-06
495 5.38749e-06
496 5.36586e-06
497 5.34437e-06
498 5.323e-06
499 5.30176e-06
500 5.28065e-06
501 5.25966e-06
502 5.2388e-06
503 5.21806e-06
504 5.19745e-06
505 5.17696e-06
506 5.15659e-06
507 5.13634e-06
508 5.11621e-06
509 5.0962e-06
510 5.0763e-06
511 5.05652e-06
512 5.03686e-06
513 5.01731e-06
514 4.99788e-06
515 4.97856e-06
516 4.95935e-06
517 4.94025e-06
518 4.92126e-06
519 4.90238e-06
520 4.88361e-06
521 4.86495e-06
522 4.8464e-06
523 4.82795e-06
524 4.8096e-06
525 4.79137e-06
526 4.77323e-06
527 4.7552e-06
528 4.73727e-06
529 4.71944e-06
530 4.70171e-06
531 4.68409e-06
532 4.66656e-06
533 4.64913e-06
534 4.63179e-06
535 4.61456e-06
536 4.59742e-06
537 4.58038e-06
538 4.56343e-06
539 4.54657e-06
540 4.52981e-06
541 4.51314e-06
542 4.49657e-06
543 4.48008e-06
544 4.46369e-06
545 4.44738e-06
546 4.43116e-06
547 4.41504e-06
548 4.399e-06
549 4.38305e-06
550 4.36718e-06
551 4.35141e-06
552 4.33571e-06
553 4.32011e-06
554 4.30458e-06
555 4.28914e-06
556 4.27378e-06
557 4.25851e-06
558 4.24332e-06
559 4.22821e-06
560 4.21318e-06
561 4.19823e-06
562 4.18336e-06
563 4.16856e-06
564 4.15385e-06
565 4.13922e-06
566 4.12466e-06
567 4.11018e-06
568 4.09577e-06
569 4.08144e-06
570 4.06719e-06
571 4.05301e-06
572 4.03891e-06
573 4.02488e-06
574 4.01092e-06
575 3.99703e-06
576 3.98322e-06
577 3.96948e-06
578 3.95581e-06
579 3.94221e-06
580 3.92868e-06
581 3.91522e-06
582 3.90182e-06
583 3.8885e-06
584 3.87525e-06
585 3.86206e-06
586 3.84894e-06
587 3.83589e-06
588 3.82291e-06
589 3.80999e-06
590 3.79713e-06
591 3.78434e-06
592 3.77162e-06
593 3.75896e-06
594 3.74636e-06
595 3.73383e-06
596 3.72136e-06
597 3.70895e-06
598 3.6966e-06
599 3.68432e-06
600 3.6721e-06
601 3.65994e-06
602 3.64783e-06
603 3.63579e-06
604 3.62381e-06
605 3.61189e-06
606 3.60002e-06
607 3.58822e-06
608 3.57647e-06
609 3.56478e-06
610 3.55315e-06
611 3.54157e-06
612 3.53006e-06
613 3.51859e-06
614 3.50719e-06
615 3.49584e-06
616 3.48454e-06
617 3.4733e-06
618 3.46211e-06
619 3.45098e-06
620 3.4399e-06
621 3.42887e-06
622 3.4179e-06
623 3.40698e-06
624 3.39611e-06
625 3.3853e-06
626 3.37453e-06
627 3.36382e-06
628 3.35316e-06
629 3.34255e-06
630 3.33199e-06
631 3.32148e-06
632 3.31102e-06
633 3.30061e-06
634 3.29024e-06
635 3.27993e-06
636 3.26967e-06
637 3.25945e-06
638 3.24928e-06
639 3.23916e-06
640 3.22909e-06
641 3.21906e-06
642 3.20908e-06
643 3.19914e-06
644 3.18926e-06
645 3.17942e-06
646 3.16962e-06
647 3.15987e-06
648 3.15016e-06
649 3.1405e-06
650 3.13089e-06
651 3.12131e-06
652 3.11178e-06
653 3.1023e-06
654 3.09286e-06
655 3.08346e-06
656 3.0741e-06
657 3.06479e-06
658 3.05552e-06
659 3.04629e-06
660 3.0371e-06
661 3.02796e-06
662 3.01886e-06
663 3.00979e-06
664 3.00077e-06
665 2.99179e-06
666 2.98285e-06
667 2.97395e-06
668 2.96509e-06
669 2.95626e-06
670 2.94748e-06
671 2.93874e-06
672 2.93004e-06
673 2.92137e-06
674 2.91274e-06
675 2.90415e-06
676 2.8956e-06
677 2.88709e-06
678 2.87861e-06
679 2.87018e-06
680 2.86178e-06
681 2.85341e-06
682 2.84508e-06
683 2.83679e-06
684 2.82854e-06
685 2.82032e-06
686 2.81214e-06
687 2.80399e-06
688 2.79588e-06
689 2.7878e-06
690 2.77976e-06
691 2.77175e-06
692 2.76378e-06
693 2.75584e-06
694 2.74794e-06
695 2.74007e-06
696 2.73223e-06
697 2.72443e-06
698 2.71666e-06
699 2.70893e-06
700 2.70123e-06
701 2.69356e-06
702 2.68592e-06
703 2.67832e-06
704 2.67074e-06
705 2.6632e-06
706 2.65569e-06
707 2.64822e-06
708 2.64077e-06
709 2.63336e-06
710 2.62598e-06
711 2.61863e-06
712 2.61131e-06
713 2.60402e-06
714 2.59676e-06
715 2.58953e-06
716 2.58233e-06
717 2.57516e-06
718 2.56803e-06
719 2.56092e-06
720 2.55384e-06
721 2.54679e-06
722 2.53977e-06
723 2.53278e-06
724 2.52581e-06
725 2.51888e-06
726 2.51197e-06
727 2.5051e-06
728 2.49825e-06
729 2.49143e-06
730 2.48463e-06
731 2.47787e-06
732 2.47113e-06
733 2.46442e-06
734 2.45774e-06
735 2.45108e-06
736 2.44446e-06
737 2.43785e-06
738 2.43128e-06
739 2.42473e-06
740 2.41821e-06
741 2.41171e-06
742 2.40524e-06
743 2.3988e-06
744 2.39238e-06
745 2.38599e-06
746 2.37963e-06
747 2.37329e-06
748 2.36697e-06
749 2.36068e-06
750 2.35442e-06
751 2.34818e-06
752 2.34196e-06
753 2.33577e-06
754 2.32961e-06
755 2.32347e-06
756 2.31735e-06
757 2.31126e-06
758 2.30519e-06
759 2.29914e-06
760 2.29312e-06
761 2.28712e-06
762 2.28115e-06
763 2.2752e-06
764 2.26927e-06
765 2.26337e-06
766 2.25749e-06
767 2.25163e-06
768 2.24579e-06
769 2.23998e-06
770 2.23419e-06
771 2.22842e-06
772 2.22268e-06
773 2.21696e-06
774 2.21125e-06
775 2.20558e-06
776 2.19992e-06
777 2.19428e-06
778 2.18867e-06
779 2.18308e-06
780 2.17751e-06
781 2.17196e-06
782 2.16643e-06
783 2.16092e-06
784 2.15544e-06
785 2.14997e-06
786 2.14453e-06
787 2.1391e-06
788 2.1337e-06
789 2.12832e-06
790 2.12296e-06
791 2.11762e-06
792 2.11229e-06
793 2.10699e-06
794 2.10171e-06
795 2.09645e-06
796 2.09121e-06
797 2.08598e-06
798 2.08078e-06
799 2.0756e-06
800 2.07043e-06
801 2.06529e-06
802 2.06016e-06
803 2.05506e-06
804 2.04997e-06
805 2.0449e-06
806 2.03985e-06
807 2.03482e-06
808 2.02981e-06
809 2.02481e-06
810 2.01984e-06
811 2.01488e-06
812 2.00994e-06
813 2.00502e-06
814 2.00012e-06
815 1.99524e-06
816 1.99037e-06
817 1.98552e-06
818 1.98069e-06
819 1.97588e-06
820 1.97108e-06
821 1.9663e-06
822 1.96154e-06
823 1.9568e-06
824 1.95207e-06
825 1.94736e-06
826 1.94267e-06
827 1.93799e-06
828 1.93333e-06
829 1.92869e-06
830 1.92407e-06
831 1.91946e-06
832 1.91487e-06
833 1.91029e-06
834 1.90573e-06
835 1.90119e-06
836 1.89666e-06
837 1.89215e-06
838 1.88766e-06
839 1.88318e-06
840 1.87872e-06
841 1.87427e-06
842 1.86984e-06
843 1.86543e-06
844 1.86103e-06
845 1.85664e-06
846 1.85228e-06
847 1.84792e-06
848 1.84359e-06
849 1.83926e-06
850 1.83496e-06
851 1.83067e-06
852 1.82639e-06
853 1.82213e-06
854 1.81788e-06
855 1.81365e-06
856 1.80943e-06
857 1.80523e-06
858 1.80104e-06
859 1.79687e-06
860 1.79271e-06
861 1.78856e-06
862 1.78443e-06
863 1.78032e-06
864 1.77622e-06
865 1.77213e-06
866 1.76806e-06
867 1.764e-06
868 1.75995e-06
869 1.75592e-06
870 1.75191e-06
871 1.7479e-06
872 1.74391e-06
873 1.73994e-06
874 1.73597e-06
875 1.73202e-06
876 1.72809e-06
877 1.72417e-06
878 1.72026e-06
879 1.71636e-06
880 1.71248e-06
881 1.70861e-06
882 1.70476e-06
883 1.70091e-06
884 1.69708e-06
885 1.69327e-06
886 1.68946e-06
887 1.68567e-06
888 1.68189e-06
889 1.67813e-06
890 1.67437e-06
891 1.67063e-06
892 1.66691e-06
893 1.66319e-06
894 1.65949e-06
895 1.6558e-06
896 1.65212e-06
897 1.64845e-06
898 1.6448e-06
899 1.64116e-06
900 1.63753e-06
901 1.63391e-06
902 1.63031e-06
903 1.62671e-06
904 1.62313e-06
905 1.61956e-06
906 1.616e-06
907 1.61246e-06
908 1.60892e-06
909 1.6054e-06
910 1.60189e-06
911 1.59839e-06
912 1.5949e-06
913 1.59142e-06
914 1.58795e-06
915 1.5845e-06
916 1.58106e-06
917 1.57763e-06
918 1.5742e-06
919 1.5708e-06
920 1.5674e-06
921 1.56401e-06
922 1.56063e-06
923 1.55727e-06
924 1.55391e-06
925 1.55057e-06
926 1.54724e-06
927 1.54391e-06
928 1.5406e-06
929 1.5373e-06
930 1.53401e-06
931 1.53073e-06
932 1.52746e-06
933 1.5242e-06
934 1.52095e-06
935 1.51772e-06
936 1.51449e-06
937 1.51127e-06
938 1.50807e-06
939 1.50487e-06
940 1.50168e-06
941 1.49851e-06
942 1.49534e-06
943 1.49218e-06
944 1.48904e-06
945 1.4859e-06
946 1.48277e-06
947 1.47966e-06
948 1.47655e-06
949 1.47345e-06
950 1.47037e-06
951 1.46729e-06
952 1.46422e-06
953 1.46116e-06
954 1.45811e-06
955 1.45507e-06
956 1.45204e-06
957 1.44902e-06
958 1.44601e-06
959 1.44301e-06
960 1.44002e-06
961 1.43704e-06
962 1.43406e-06
963 1.4311e-06
964 1.42814e-06
965 1.4252e-06
966 1.42226e-06
967 1.41933e-06
968 1.41642e-06
969 1.41351e-06
970 1.41061e-06
971 1.40771e-06
972 1.40483e-06
973 1.40196e-06
974 1.39909e-06
975 1.39624e-06
976 1.39339e-06
977 1.39055e-06
978 1.38772e-06
979 1.3849e-06
980 1.38208e-06
981 1.37928e-06
982 1.37648e-06
983 1.3737e-06
984 1.37092e-06
985 1.36815e-06
986 1.36538e-06
987 1.36263e-06
988 1.35989e-06
989 1.35715e-06
990 1.35442e-06
991 1.3517e-06
992 1.34899e-06
993 1.34628e-06
994 1.34359e-06
995 1.3409e-06
996 1.33822e-06
997 1.33555e-06
998 1.33288e-06
999 1.33023e-06
