0 0.287137
1 0.274822
2 0.263355
3 0.252619
4 0.242517
5 0.232974
6 0.223929
7 0.215333
8 0.207147
9 0.199336
10 0.191873
11 0.184734
12 0.177901
13 0.171356
14 0.165084
15 0.159071
16 0.153307
17 0.147779
18 0.142478
19 0.137395
20 0.13252
21 0.127846
22 0.123364
23 0.119066
24 0.114945
25 0.110993
26 0.107205
27 0.103572
28 0.100088
29 0.096748
30 0.0935446
31 0.0904723
32 0.0875254
33 0.0846984
34 0.0819862
35 0.0793835
36 0.0768857
37 0.0744879
38 0.0721859
39 0.0699753
40 0.0678521
41 0.0658123
42 0.0638522
43 0.0619682
44 0.060157
45 0.0584154
46 0.0567401
47 0.0551284
48 0.0535773
49 0.0520842
50 0.0506465
51 0.0492618
52 0.0479279
53 0.0466424
54 0.0454033
55 0.0442085
56 0.0430563
57 0.0419447
58 0.040872
59 0.0398366
60 0.0388369
61 0.0378715
62 0.0369388
63 0.0360376
64 0.0351665
65 0.0343244
66 0.0335099
67 0.0327221
68 0.0319599
69 0.0312221
70 0.0305079
71 0.0298164
72 0.0291465
73 0.0284976
74 0.0278687
75 0.0272592
76 0.0266682
77 0.0260951
78 0.0255392
79 0.0249998
80 0.0244764
81 0.0239683
82 0.0234751
83 0.022996
84 0.0225307
85 0.0220786
86 0.0216393
87 0.0212123
88 0.0207972
89 0.0203935
90 0.0200009
91 0.019619
92 0.0192473
93 0.0188857
94 0.0185336
95 0.0181909
96 0.0178571
97 0.0175321
98 0.0172154
99 0.0169068
100 0.0166062
101 0.0163131
102 0.0160274
103 0.0157488
104 0.0154771
105 0.0152121
106 0.0149535
107 0.0147013
108 0.0144551
109 0.0142148
110 0.0139802
111 0.0137512
112 0.0135275
113 0.013309
114 0.0130956
115 0.0128871
116 0.0126833
117 0.0124842
118 0.0122896
119 0.0120993
120 0.0119132
121 0.0117313
122 0.0115533
123 0.0113792
124 0.0112089
125 0.0110423
126 0.0108792
127 0.0107196
128 0.0105634
129 0.0104105
130 0.0102607
131 0.0101141
132 0.00997045
133 0.00982978
134 0.00969196
135 0.00955694
136 0.00942464
137 0.00929498
138 0.0091679
139 0.00904333
140 0.00892121
141 0.00880148
142 0.00868407
143 0.00856893
144 0.008456
145 0.00834523
146 0.00823656
147 0.00812994
148 0.00802532
149 0.00792265
150 0.00782188
151 0.00772298
152 0.00762589
153 0.00753058
154 0.00743699
155 0.00734509
156 0.00725484
157 0.0071662
158 0.00707914
159 0.00699361
160 0.00690959
161 0.00682703
162 0.00674591
163 0.00666619
164 0.00658784
165 0.00651084
166 0.00643514
167 0.00636072
168 0.00628756
169 0.00621562
170 0.00614488
171 0.00607532
172 0.0060069
173 0.00593961
174 0.00587341
175 0.0058083
176 0.00574423
177 0.0056812
178 0.00561917
179 0.00555813
180 0.00549806
181 0.00543894
182 0.00538075
183 0.00532346
184 0.00526707
185 0.00521155
186 0.00515688
187 0.00510306
188 0.00505005
189 0.00499785
190 0.00494644
191 0.0048958
192 0.00484591
193 0.00479678
194 0.00474837
195 0.00470067
196 0.00465368
197 0.00460737
198 0.00456174
199 0.00451677
200 0.00447245
201 0.00442877
202 0.00438571
203 0.00434326
204 0.00430142
205 0.00426017
206 0.00421949
207 0.00417939
208 0.00413984
209 0.00410085
210 0.00406239
211 0.00402446
212 0.00398705
213 0.00395015
214 0.00391375
215 0.00387784
216 0.00384242
217 0.00380747
218 0.00377298
219 0.00373896
220 0.00370538
221 0.00367225
222 0.00363955
223 0.00360729
224 0.00357544
225 0.003544
226 0.00351297
227 0.00348234
228 0.0034521
229 0.00342225
230 0.00339277
231 0.00336367
232 0.00333494
233 0.00330656
234 0.00327855
235 0.00325088
236 0.00322355
237 0.00319656
238 0.00316991
239 0.00314358
240 0.00311757
241 0.00309188
242 0.0030665
243 0.00304142
244 0.00301665
245 0.00299218
246 0.002968
247 0.0029441
248 0.00292049
249 0.00289716
250 0.0028741
251 0.00285131
252 0.00282879
253 0.00280653
254 0.00278452
255 0.00276277
256 0.00274128
257 0.00272002
258 0.00269901
259 0.00267824
260 0.00265771
261 0.00263741
262 0.00261733
263 0.00259748
264 0.00257786
265 0.00255845
266 0.00253925
267 0.00252027
268 0.0025015
269 0.00248294
270 0.00246457
271 0.00244641
272 0.00242844
273 0.00241067
274 0.0023931
275 0.00237571
276 0.0023585
277 0.00234148
278 0.00232464
279 0.00230798
280 0.0022915
281 0.00227519
282 0.00225905
283 0.00224308
284 0.00222728
285 0.00221164
286 0.00219616
287 0.00218085
288 0.00216569
289 0.00215068
290 0.00213583
291 0.00212113
292 0.00210659
293 0.00209218
294 0.00207793
295 0.00206381
296 0.00204984
297 0.00203601
298 0.00202231
299 0.00200876
300 0.00199533
301 0.00198204
302 0.00196888
303 0.00195585
304 0.00194295
305 0.00193017
306 0.00191751
307 0.00190498
308 0.00189257
309 0.00188028
310 0.00186811
311 0.00185605
312 0.00184411
313 0.00183228
314 0.00182057
315 0.00180896
316 0.00179746
317 0.00178608
318 0.0017748
319 0.00176362
320 0.00175255
321 0.00174158
322 0.00173071
323 0.00171995
324 0.00170928
325 0.00169871
326 0.00168823
327 0.00167786
328 0.00166757
329 0.00165738
330 0.00164728
331 0.00163728
332 0.00162736
333 0.00161753
334 0.00160779
335 0.00159814
336 0.00158857
337 0.00157909
338 0.00156969
339 0.00156037
340 0.00155114
341 0.00154198
342 0.00153291
343 0.00152391
344 0.001515
345 0.00150616
346 0.00149739
347 0.00148871
348 0.00148009
349 0.00147155
350 0.00146309
351 0.00145469
352 0.00144637
353 0.00143812
354 0.00142994
355 0.00142182
356 0.00141378
357 0.0014058
358 0.00139789
359 0.00139004
360 0.00138226
361 0.00137455
362 0.00136689
363 0.0013593
364 0.00135178
365 0.00134431
366 0.00133691
367 0.00132957
368 0.00132228
369 0.00131506
370 0.00130789
371 0.00130079
372 0.00129373
373 0.00128674
374 0.0012798
375 0.00127292
376 0.00126609
377 0.00125932
378 0.0012526
379 0.00124593
380 0.00123932
381 0.00123276
382 0.00122625
383 0.00121979
384 0.00121338
385 0.00120702
386 0.00120071
387 0.00119445
388 0.00118824
389 0.00118207
390 0.00117595
391 0.00116988
392 0.00116386
393 0.00115788
394 0.00115195
395 0.00114606
396 0.00114022
397 0.00113442
398 0.00112867
399 0.00112296
400 0.00111729
401 0.00111166
402 0.00110608
403 0.00110054
404 0.00109504
405 0.00108958
406 0.00108416
407 0.00107878
408 0.00107344
409 0.00106813
410 0.00106287
411 0.00105765
412 0.00105246
413 0.00104732
414 0.0010422
415 0.00103713
416 0.00103209
417 0.00102709
418 0.00102213
419 0.0010172
420 0.00101231
421 0.00100745
422 0.00100262
423 0.000997833
424 0.000993077
425 0.000988355
426 0.000983666
427 0.00097901
428 0.000974387
429 0.000969796
430 0.000965237
431 0.00096071
432 0.000956215
433 0.000951751
434 0.000947317
435 0.000942915
436 0.000938543
437 0.000934201
438 0.000929888
439 0.000925606
440 0.000921352
441 0.000917128
442 0.000912932
443 0.000908765
444 0.000904626
445 0.000900515
446 0.000896432
447 0.000892377
448 0.000888348
449 0.000884347
450 0.000880372
451 0.000876424
452 0.000872502
453 0.000868607
454 0.000864737
455 0.000860893
456 0.000857074
457 0.00085328
458 0.000849511
459 0.000845767
460 0.000842048
461 0.000838352
462 0.000834681
463 0.000831034
464 0.000827411
465 0.00082381
466 0.000820234
467 0.00081668
468 0.000813149
469 0.000809641
470 0.000806155
471 0.000802692
472 0.00079925
473 0.000795831
474 0.000792434
475 0.000789057
476 0.000785703
477 0.000782369
478 0.000779057
479 0.000775765
480 0.000772494
481 0.000769244
482 0.000766014
483 0.000762804
484 0.000759614
485 0.000756444
486 0.000753293
487 0.000750162
488 0.00074705
489 0.000743958
490 0.000740885
491 0.00073783
492 0.000734794
493 0.000731777
494 0.000728778
495 0.000725798
496 0.000722835
497 0.000719891
498 0.000716964
499 0.000714055
500 0.000711164
501 0.00070829
502 0.000705433
503 0.000702594
504 0.000699771
505 0.000696965
506 0.000694176
507 0.000691404
508 0.000688648
509 0.000685908
510 0.000683185
511 0.000680478
512 0.000677786
513 0.000675111
514 0.000672451
515 0.000669807
516 0.000667178
517 0.000664565
518 0.000661966
519 0.000659383
520 0.000656815
521 0.000654262
522 0.000651723
523 0.0006492
524 0.00064669
525 0.000644196
526 0.000641715
527 0.000639249
528 0.000636797
529 0.000634358
530 0.000631934
531 0.000629523
532 0.000627127
533 0.000624743
534 0.000622373
535 0.000620017
536 0.000617674
537 0.000615344
538 0.000613027
539 0.000610723
540 0.000608432
541 0.000606154
542 0.000603888
543 0.000601635
544 0.000599395
545 0.000597167
546 0.000594951
547 0.000592747
548 0.000590556
549 0.000588377
550 0.000586209
551 0.000584054
552 0.00058191
553 0.000579778
554 0.000577658
555 0.000575549
556 0.000573452
557 0.000571366
558 0.000569291
559 0.000567228
560 0.000565176
561 0.000563134
562 0.000561104
563 0.000559085
564 0.000557076
565 0.000555078
566 0.000553091
567 0.000551115
568 0.000549148
569 0.000547193
570 0.000545248
571 0.000543313
572 0.000541388
573 0.000539473
574 0.000537569
575 0.000535674
576 0.00053379
577 0.000531915
578 0.00053005
579 0.000528195
580 0.000526349
581 0.000524514
582 0.000522687
583 0.00052087
584 0.000519063
585 0.000517265
586 0.000515476
587 0.000513696
588 0.000511926
589 0.000510164
590 0.000508412
591 0.000506668
592 0.000504934
593 0.000503208
594 0.000501491
595 0.000499783
596 0.000498083
597 0.000496393
598 0.00049471
599 0.000493036
600 0.000491371
601 0.000489714
602 0.000488065
603 0.000486425
604 0.000484792
605 0.000483168
606 0.000481552
607 0.000479944
608 0.000478344
609 0.000476752
610 0.000475168
611 0.000473592
612 0.000472023
613 0.000470463
614 0.000468909
615 0.000467364
616 0.000465826
617 0.000464296
618 0.000462773
619 0.000461258
620 0.00045975
621 0.000458249
622 0.000456756
623 0.00045527
624 0.000453791
625 0.000452319
626 0.000450854
627 0.000449397
628 0.000447946
629 0.000446503
630 0.000445066
631 0.000443636
632 0.000442213
633 0.000440797
634 0.000439388
635 0.000437985
636 0.000436589
637 0.0004352
638 0.000433817
639 0.000432441
640 0.000431071
641 0.000429708
642 0.000428351
643 0.000427
644 0.000425656
645 0.000424319
646 0.000422987
647 0.000421662
648 0.000420343
649 0.00041903
650 0.000417723
651 0.000416422
652 0.000415127
653 0.000413838
654 0.000412556
655 0.000411279
656 0.000410008
657 0.000408743
658 0.000407483
659 0.00040623
660 0.000404982
661 0.00040374
662 0.000402504
663 0.000401273
664 0.000400048
665 0.000398828
666 0.000397614
667 0.000396406
668 0.000395203
669 0.000394005
670 0.000392813
671 0.000391626
672 0.000390445
673 0.000389268
674 0.000388098
675 0.000386932
676 0.000385771
677 0.000384616
678 0.000383466
679 0.000382321
680 0.000381181
681 0.000380047
682 0.000378917
683 0.000377792
684 0.000376672
685 0.000375558
686 0.000374448
687 0.000373343
688 0.000372242
689 0.000371147
690 0.000370057
691 0.000368971
692 0.00036789
693 0.000366814
694 0.000365742
695 0.000364675
696 0.000363613
697 0.000362555
698 0.000361502
699 0.000360454
700 0.00035941
701 0.00035837
702 0.000357335
703 0.000356305
704 0.000355279
705 0.000354257
706 0.00035324
707 0.000352227
708 0.000351218
709 0.000350214
710 0.000349214
711 0.000348218
712 0.000347226
713 0.000346239
714 0.000345256
715 0.000344277
716 0.000343302
717 0.000342331
718 0.000341365
719 0.000340402
720 0.000339444
721 0.000338489
722 0.000337539
723 0.000336592
724 0.00033565
725 0.000334711
726 0.000333776
727 0.000332845
728 0.000331918
729 0.000330995
730 0.000330076
731 0.000329161
732 0.000328249
733 0.000327341
734 0.000326437
735 0.000325536
736 0.00032464
737 0.000323747
738 0.000322857
739 0.000321971
740 0.000321089
741 0.000320211
742 0.000319336
743 0.000318465
744 0.000317597
745 0.000316732
746 0.000315872
747 0.000315014
748 0.000314161
749 0.00031331
750 0.000312463
751 0.00031162
752 0.00031078
753 0.000309943
754 0.000309109
755 0.000308279
756 0.000307453
757 0.000306629
758 0.000305809
759 0.000304992
760 0.000304179
761 0.000303368
762 0.000302561
763 0.000301757
764 0.000300956
765 0.000300159
766 0.000299364
767 0.000298573
768 0.000297785
769 0.000297
770 0.000296218
771 0.000295439
772 0.000294663
773 0.00029389
774 0.00029312
775 0.000292354
776 0.00029159
777 0.000290829
778 0.000290071
779 0.000289316
780 0.000288564
781 0.000287815
782 0.000287069
783 0.000286326
784 0.000285585
785 0.000284848
786 0.000284113
787 0.000283381
788 0.000282652
789 0.000281926
790 0.000281202
791 0.000280482
792 0.000279764
793 0.000279048
794 0.000278336
795 0.000277626
796 0.000276919
797 0.000276215
798 0.000275513
799 0.000274814
800 0.000274118
801 0.000273424
802 0.000272733
803 0.000272044
804 0.000271358
805 0.000270675
806 0.000269994
807 0.000269316
808 0.00026864
809 0.000267967
810 0.000267296
811 0.000266628
812 0.000265962
813 0.000265299
814 0.000264638
815 0.00026398
816 0.000263324
817 0.000262671
818 0.00026202
819 0.000261371
820 0.000260725
821 0.000260081
822 0.00025944
823 0.000258801
824 0.000258164
825 0.00025753
826 0.000256898
827 0.000256268
828 0.000255641
829 0.000255015
830 0.000254393
831 0.000253772
832 0.000253154
833 0.000252538
834 0.000251924
835 0.000251312
836 0.000250703
837 0.000250096
838 0.000249491
839 0.000248888
840 0.000248287
841 0.000247689
842 0.000247092
843 0.000246498
844 0.000245906
845 0.000245316
846 0.000244728
847 0.000244143
848 0.000243559
849 0.000242978
850 0.000242398
851 0.000241821
852 0.000241245
853 0.000240672
854 0.000240101
855 0.000239532
856 0.000238964
857 0.000238399
858 0.000237836
859 0.000237275
860 0.000236715
861 0.000236158
862 0.000235603
863 0.000235049
864 0.000234498
865 0.000233948
866 0.000233401
867 0.000232855
868 0.000232311
869 0.000231769
870 0.000231229
871 0.000230691
872 0.000230155
873 0.000229621
874 0.000229088
875 0.000228557
876 0.000228029
877 0.000227502
878 0.000226976
879 0.000226453
880 0.000225931
881 0.000225412
882 0.000224894
883 0.000224377
884 0.000223863
885 0.00022335
886 0.000222839
887 0.00022233
888 0.000221822
889 0.000221317
890 0.000220813
891 0.00022031
892 0.00021981
893 0.000219311
894 0.000218814
895 0.000218318
896 0.000217824
897 0.000217332
898 0.000216841
899 0.000216353
900 0.000215865
901 0.00021538
902 0.000214896
903 0.000214413
904 0.000213933
905 0.000213454
906 0.000212976
907 0.0002125
908 0.000212026
909 0.000211553
910 0.000211082
911 0.000210612
912 0.000210144
913 0.000209678
914 0.000209213
915 0.000208749
916 0.000208287
917 0.000207827
918 0.000207368
919 0.000206911
920 0.000206455
921 0.000206001
922 0.000205548
923 0.000205097
924 0.000204647
925 0.000204198
926 0.000203751
927 0.000203306
928 0.000202862
929 0.000202419
930 0.000201978
931 0.000201539
932 0.0002011
933 0.000200664
934 0.000200228
935 0.000199794
936 0.000199362
937 0.00019893
938 0.0001985
939 0.000198072
940 0.000197645
941 0.000197219
942 0.000196795
943 0.000196372
944 0.000195951
945 0.00019553
946 0.000195111
947 0.000194694
948 0.000194278
949 0.000193863
950 0.000193449
951 0.000193037
952 0.000192626
953 0.000192217
954 0.000191808
955 0.000191401
956 0.000190995
957 0.000190591
958 0.000190188
959 0.000189786
960 0.000189385
961 0.000188986
962 0.000188588
963 0.000188191
964 0.000187795
965 0.000187401
966 0.000187008
967 0.000186616
968 0.000186225
969 0.000185836
970 0.000185448
971 0.000185061
972 0.000184675
973 0.00018429
974 0.000183907
975 0.000183525
976 0.000183144
977 0.000182764
978 0.000182385
979 0.000182008
980 0.000181631
981 0.000181256
982 0.000180882
983 0.000180509
984 0.000180137
985 0.000179767
986 0.000179397
987 0.000179029
988 0.000178662
989 0.000178296
990 0.000177931
991 0.000177567
992 0.000177204
993 0.000176843
994 0.000176482
995 0.000176123
996 0.000175765
997 0.000175407
998 0.000175051
999 0.000174696
